
Inactive Modules:
  1) UCX/1.9.0     2) numactl/2.0.13

Due to MODULEPATH changes, the following have been reloaded:
  1) binutils/2.35     2) zlib/1.2.11

The following have been reloaded with a version change:
  1) GCCcore/10.2.0 => GCCcore/8.3.0

chose random
List before sample sort:[945 66586 43269 90385 26207 25968 93992 70220 19798 25425 46179 47687 3823 3105 75411 11230 37471 21530 50757 16875 47349 83389 61289 70000 87080 20107 11019 42379 78798 31980 12051 79744 14918 55320 86481 57477 81288 80473 44050 1087 22250 90229 48774 42425 93334 40538 53656 47158 62068 4413 80385 25769 4154 41675 12122 91234 61782 23141 33613 56933 71473 62017 53029 86392 17337 39510 60221 14978 19984 4271 32417 58586 94501 97543 1012 4187 38081 71020 51345 16501 75433 48083 42271 95939 89758 70745 87173 51540 93886 37138 24825 81712 99155 77854 84456 32845 17365 44677 47823 53701 48949 96592 12287 59802 94135 29651 63989 48569 671 31687 65070 92456 79770 23693 88395 69528 94438 91920 37420 4677 29059 62246 2741 44566 56452 87197 77411 73817 31874 41586 43870 97175 38178 56158 56977 48666 85809 37319 97235 86481 69006 78657 95289 65128 18703 83685 51008 29493 75605 4780 34170 4664 67026 53263 49231 39831 40460 42994 13648 72335 84581 57519 85862 22759 30029 42840 71425 32190 96511 68660 35023 81869 63670 30313 46997 82373 13998 14357 11866 5955 19137 62389 10620 2516 15652 76203 42347 56113 19197 72347 44800 3778 29866 30662 42890 76247 89854 14315 24790 2717 99328 59813 84586 62998 6478 47935 61723 20476 78644 73589 26432 97782 52330 53404 298 84335 45959 58997 40448 81508 31344 1600 1639 77563 48614 44529 53810 54821 75196 78600 57538 74524 54766 58477 53874 61244 6412 31949 98073 85057 21891 40857 99191 74221 94261 15841 58556 56572 74838 15356 38080 6182 33308 39719 83745 81923 600 53908 36744 75797 32508 10634 66673 87274 69111 20548 64871 91876 52497 62944 93285 90740 3801 92476 64962 14414 8317 39870 70986 83155 55227 9066 5689 88535 65138 89435 86810 65738 43343 23554 41535 92203 50541 8209 95830 19652 45109 60701 11528 13958 23645 4813 4699 43798 97289 86013 58212 21958 25883 29198 5113 97462 54616 10803 2350 36106 16590 89160 1845 76285 29067 59732 68488 79608 84293 80670 99260 29402 41371 27141 59713 81368 31954 80764 25166 45596 66777 83378 67554 92660 28928 89020 6475 83545 16175 8825 19651 32765 97985 37848 25402 43404 13933 10242 23012 98226 90913 38625 43981 32284 65766 3694 13653 97720 84458 55171 43316 67587 38550 27223 76599 67478 16243 83074 67375 48770 91899 3379 97887 6237 57579 23289 49641 71512 33531 72654 69739 24444 11279 13720 56729 93397 33766 86734 91117 34576 41905 50786 2163 96807 78009 78762 80638 10604 61837 64365 59374 53736 84096 57261 76325 41676 80550 25967 13188 30433 14973 99279 54878 42604 29351 27959 36001 63117 31045 27118 97693 72950 94256 16208 86110 72265 94971 83100 99221 56808 47465 58595 26896 31562 32208 3222 73238 29110 29189 2778 59544 60514 2058 14422 3118 31409 42381 39119 10879 73426 66237 24924 62728 76846 41133 65190 49111 36104 48290 64685 9264 95756 39632 36160 43670 71841 55734 33260 951 1275 36038 60495 61789 54448 74917 64907 2210 33650 4026 13089 23428 86616 38013 2509 63462 79146 67699 28925 31602 15990 93610 40866 28098 33243 93379 88120 21436 49113 21380 22387 50389 57418 99235 28530 11867 90504 93438 14077 24155 13816 43518 63935 432 97883 66444 80246 77030 50496 9172 24984 82838 19134 65851 10936 68729 59230 99056 90165 8343 36788 28905 75084 94206 28140 3615 22425 18644 13405 52854 59151 27221 12724 39439 44006 10608 22235 24252 3990 72731 49776 28974 55569 68911 94825 82857 53992 54055 98265 44158 78751 35053 89415 70187 29260 17555 90154 68037 52551 3559 37244 28055 47133 49968 83846 91139 60576 6081 15391 64566 78813 65168 93541 34382 50431 88366 17240 4423 58774 15505 64933 53877 50559 54348 24064 96171 88255 14219 80560 57159 17778 17804 85214 64911 67773 85412 72402 44701 91493 87794 9268 70306 69314 2809 21041 19745 7527 38281 40520 82653 70138 5454 36530 37049 59802 60595 49572 64410 74814 30133 21569 8944 64289 23135 90208 32062 8547 62610 76764 40 66756 2384 70347 36070 21545 91388 72167 45424 46021 12688 28078 32511 34494 64608 69561 94296 41555 19133 58706 32721 65618 96627 41666 29908 19762 48226 78322 44661 10836 71438 44702 77593 73822 31401 30015 95367 39141 18535 57144 85162 47575 85222 34025 82069 66182 3586 92717 7738 39072 67776 40459 21042 64403 98477 50950 518 46703 45625 45179 73892 17063 89881 67837 7238 37634 97852 18957 76775 32739 76101 78289 80314 61323 12315 62383 43858 32253 55101 51596 71325 39229 8407 8720 3632 6885 59670 4150 69940 21647 65682 43832 38711 71915 28021 45949 9550 25874 81258 86325 58613 57360 64615 55280 35035 93282 17663 78893 25535 89116 30489 96861 28345 55249 5581 48330 78486 81603 68832 48426 19603 34514 8611 58314 6430 36632 20615 15980 78858 1873 18657 53824 75585 99624 9104 10621 92906 43119 89514 18442 32236 36356 31655 76933 91605 53588 25263 70091 51543 94096 34869 71146 44962 59832 45812 51392 12817 82779 83724 8027 1005 18734 78203 76590 18358 87307 87211 27617 46779 76726 62411 79015 29434 10418 72300 21039 64006 97564 7482 31901 8012 58703 19400 52974 34888 81564 20719 64057 64344 4443 72084 81701 23177 66640 58291 57888 70299 61855 85505 17078 38581 47916 12445 84367 74686 84746 5406 38692 82310 29240 86945 6674 4295 22697 59648 39183 4262 80367 19592 84958 1163 8029 66659 24340 74669 41302 98580 44968 3157 84085 62047 58090 48353 74492 42457 23039 75590 64215 78083 57900 9807 81381 64574 14103 4078 40575 69638 24692 20942 89231 9650 22105 97260 92661 62798 88281 33964 61378 33249 37121 61816 11648 11564 10169 2493 54021 49561 78083 18237 43996 52336 28044 25377 33262 58499 45808 73837 28138 70500 11132 33721 96503 49589 47333 89164 12387 51966 39480 90118 1567 76602 51934 13216 88166 78455 32061 58539 28016 26496 93128 72013 78832 37525 13742 28447 96024 59550 18636 40514 30051 46120 90587 26554 95710 37920 32070 24449 89886 71551 14567 91454 64505 66501 21022 52671 44957 69435 27562 89325 95931 20691 77690 91116 58216 91433 19563 54240 50983 54551 11107 97386 672 1694 40292 96382 39615 72363 20831 45853 43914 51751 53659 8419 18252 74681 77442 ]
---FINAL LOCAL ARR---
Local list for process 0:
[40, 263, 298, 432, 518, 600, 671, 672, 945, 951, 1005, 1012, 1087, 1163, 1275, 1567, 1600, 1639, 1694, 1845, 1873, 2058, 2163, 2210, 2350, 2384, 2493, 2509, 2516, 2717, 2741, 2778, 2809, 3105, 3118, 3157, 3222, 3379, 3559, ---FINAL LOCAL ARR---
Local list for process 1:
[50389, 50431, 50496, 50541, 50559, 50757, 50786, 50950, 50983, 51008, 51345, 51392, 51540, 51543, 51596, 51751, 51934, 51966, 52330, 52336, 52497, 52551, 52671, 52854, 52974, 53029, 53263, 53404, 53588, 53656, 53659, 53701, 53736, 53810, 53824, 53874, 53877, 53908, 53992, 54021, 54055, 54240, 54334, 54348, 3586, 3615, 3632, 3694, 3778, 3801, 3823, 3990, 4026, 4078, 4150, 4154, 4187, 4262, 4271, 4295, 4413, 4423, 4443, 4664, 4677, 4699, 4780, 4813, 4924, 5004, 5113, 5406, 5454, 5581, 5689, 5955, 6081, 6182, 6237, 6412, 6430, 6475, 54362, 54448, 54551, 54616, 54766, 54821, 54878, 55006, 55101, 55171, 55227, 55249, 55280, 55320, 55569, 55734, 56113, 56158, 56400, 56452, 56572, 56729, 568086478, 6674, 6885, 7238, 7482, 7527, 7738, 8012, 8027, 8029, 8209, 8317, 8343, , 56933, 56977, 57144, 57159, 57261, 57360, 57418, 57477, 57519, 57538, 57579, 8407, 8419, 8547, 8611, 8720, 8825, 8944, 9066, 9104, 9172, 9264, 926857888, 57900, 58090, 58212, 58216, 58291, 58314, 58477, 58499, 58539, 58556, 58586, 9550, 9650, 9807, 10169, 10242, 10418, 10604, 10608, 10620, 10621, 10634, 10803, , 58595, 58613, 58703, 58706, 58774, 58997, 59151, 59230, 59374, 59544, 59550, 59648, 10836, 10879, 10936, 11019, 11107, 11132, 11230, 11279, 11528, 11564, 11648, 11866, 59670, 59713, 59732, 59802, 59802, 59813, 59832, 60221, 60468, 60495, 60514, 11867, 12051, 12122, 12287, 12315, 12387, 12445, 12688, 12724, 12817, 13089, 60576, 60595, 60701, 61244, 61289, 61323, 61378, 61723, 61782, 61789, 6181613188, 13216, 13405, 13648, 13653, 13720, 13742, 13816, 13933, 13958, 13998, , 61837, 61855, 62017, 62047, 62068, 62246, 62383, 62389, 62411, 62610, 6272814077, 14103, 14219, 14315, 14357, 14414, 14422, 14567, 14918, 14973, 14978, 15356, 15391, 15505, 15652, 15841, 15980, 15990, 16175, 62798, 62929, 62944, 62998, 63117, 63462, 63670, 63935, 63989, 64006, 64057, 64215, 64289, 64344, 64365, 64403, 64410, 64444, 64505, 64566, 16208, 16243, 16501, 16590, 16875, 17063, 17078, 17240, 17337, 17365, 17555, 17663, 17778, 17804, 18237, , 64574, 64608, 64615, 64685, 64871, 64907, 64911, 64933, 64962, 65070, 65128, 65138, 18252, 18358, 18442, 18535, 18636, 18644, 18657, 18703, 18734, 18957, 19133, 19134, 19137, 65168, 65190, 65618, 65682, 65738, 65766, 65851, 66182, 66237, 66444, 66501, 66586, 19197, 19400, 19563, 19592, 19603, 19651, 19652, 19745, 19762, 19798, 19984, 20107, 66640, 66659, 66673, 66756, 66777, 67026, 67375, 67478, 67554, 67587, 67699, 67740, 20476, 20548, 20615, 20691, 20719, 20831, 20942, 21022, 21039, 21041, 21042, 21380, 67773, 67776, 67837, 68037, 68488, 68660, 68729, 68832, 68887, 68911, 69006, 69111, 21436, 21530, 21545, 21569, 21647, 21698, 21891, 21958, 22105, 22235, 22250, 2238769314, 69435, 69528, 69561, 69638, 69739, 69940, 70000, 70091, 70138, 70187, , 22425, 22697, 22759, 23012, 23039, 23135, 23141, 23177, 23289, 23428, 23554, 2364570220, 70299, 70306, 70347, 70500, 70745, 70856, 70986, 71020, 71146, 71325, 71425, , 23693, 24064, 24155, 24252, 24340, 24444, 24449, 24692, 24790, 24825, 24924, 24984, 71438, 71473, 71512, 71551, 71841, 71915, 72013, 72084, 72167, 72265, 72300, 7233525166, 25263, 25377, 25402, 25425, 25535, 25769, 25874, 25883, 25967, 25968, 26207, 72347, 72363, 72402, 72654, 72731, 72950, 73238, 73426, 73589, 73817, 73822, 26432, 26496, 26554, 26896, 27118, 27141, 27221, 27223, 27562, 27617, 27959, , 73837, 73892, 74221, 74492, 74524, 74669, 74681, 74686, 74814, 74838, 74917, 28016, 28021, 28044, 28055, 28078, 28098, 28138, 28140, 28345, 28447, 28530, 28905, 75084, 75196, 75411, 75433, 75585, 75590, 75605, 75729, 75797, 76101, 76203, 28925, 28928, 28974, 29059, 29067, 29110, 29189, 29198, 76247, 76285, 76325, 76590, 76599, 76602, 7672629240, 29260, 29351, 29402, 29434, 29493, , 76764, 76775, 76846, 76933, 77030, 77411, 29651, 29866, 29908, 30015, 30029, 30051, 77442, 77563, 77593, 77690, 77854, 78009, 7808330133, 30313, 30433, 30489, 30662, 31045, 78083, 78203, 78289, 78322, 78455, 78486, 31344, 31401, 31409, 31562, 31602, 31655, 78600, 78644, 78657, 78751, 78762, 78798, , 31687, 31874, 31901, 31949, 31954, 78813, 78832, 78858, 78893, 79015, 79146, 31980, 32061, 32062, 32070, 32190, 32208, 3223679561, 79608, 79744, 79770, 80246, 80314, 80367, 32253, 32284, 32417, 32508, 32511, 32721, 80385, 80473, 80550, 80560, 80638, 80670, 32739, 32765, 32845, 33243, 33249, 33260, 80764, 81258, 81288, 81368, 81381, , 33262, 33308, 33531, 33613, 33650, 3372181508, 81564, 81603, 81701, 81712, 81869, , 33766, 33964, 34025, 34170, 34382, 3449481923, 81963, 82069, 82310, 82373, 82653, 82779, 34514, 34576, 34869, 34888, 35023, 35035, 82838, 82857, 83074, 83100, 83155, 83378, 35053, 35436, 36001, 36038, 36070, 36104, 83389, 83431, 83545, 83657, 83685, 83724, 36106, 36160, 36356, 36530, 36632, 36744, , 83745, 83846, 84085, 84096, 84293, 84335, 8436736788, 37049, 37121, 37138, 37244, 37319, , 84456, 84458, 84581, 84586, 84746, 84958, 37420, 37471, 37525, 37634, 37848, 37920, 85057, 85162, 85214, 85222, 85412, 8547838013, 38080, 38081, 38178, 38281, 38550, 85505, 85809, 85862, 86013, 86110, 86325, 38581, 38625, 38692, 38711, 39072, 39119, 86392, 86481, 86481, 86616, 86734, 39141, 39183, 39229, 39439, 39480, 86810, 86945, 87080, 87173, 87197, 87211, 39510, 39615, 39624, 39632, 39719, , 87274, 87307, 87794, 88120, 88166, 8825539831, 39870, 40292, 40448, 40459, 40460, 88281, 88366, 88395, 88535, 89020, 40514, 40520, 40538, 40575, 40857, 89116, 89160, 89164, 89231, 89325, , 40866, 41133, 41302, 41371, 41535, 89415, 89435, 89514, 89758, 89854, 8988141555, 41586, 41666, 41675, 41676, 41905, , 89886, 90118, 90154, 90165, 90208, 42047, 42271, 42347, 42379, 42381, 4242590229, 90385, 90504, 90587, 90740, 90913, , 42457, 42604, 42840, 42890, 42994, 91116, 91117, 91139, 91234, 91388, 43119, 43269, 43316, 43343, 43404, 43518, 91433, 91454, 91493, 91605, 91876, 91899, 9192043670, 43798, 43832, 43858, 43870, 43914, 92203, 92456, 92476, 92660, 92661, , 43981, 43996, 44006, 44050, 44158, 92717, 92906, 93128, 93282, 93285, 44529, 44566, 44661, 44677, 44701, 44702, 93334, 93379, 93397, 93438, 93541, 9361044800, 44957, 44962, 44968, 45109, 45179, , 93886, 93992, 94096, 94135, 94206, 94256, 45424, 45596, 45625, 45808, 45812, 45853, 4594994261, 94296, 94438, 94501, 94825, 94971, 95289, 45959, 46021, 46120, 46179, 46703, 46779, 95367, 95710, 95756, 95830, 95931, , 46997, 47133, 47158, 47333, 47349, 95939, 96024, 96171, 96382, 96503, 96511, 47465, 47516, 47575, 47687, 47823, 47916, 96592, 96627, 96807, 96861, 97175, 97235, 9726047935, 48083, 48226, 48290, 48330, 48353, , 97289, 97386, 97462, 97543, 97564, 97693, 48426, 48569, 48614, 48666, 48770, 48774, 97720, 97782, 97852, 97883, 97887, 97985, 48949, 49111, 49113, 49231, 49561, 49572, 98073, 98226, 98265, 98477, 98580, 99056, 99155, 99191, 99221, 99235, 99260, 99279, 99328, 99624, ]
49589, 49641, 49776, 49968, ]
fml: 1024
518 506 
List after sample sort:[298 600 671 945 951 1012 1087 1275 1600 1639 1845 2058 2163 2210 2350 2509 2516 2717 2741 2778 3105 3118 3222 3379 3694 3778 3801 3823 4026 4154 4187 4271 4413 4664 4677 4699 4780 4813 5113 5689 5955 6182 6237 6412 6475 6478 8209 8317 8825 9066 9264 10242 10604 10620 10634 10803 10879 11019 11230 11279 11528 11866 11867 12051 12122 12287 13089 13188 13648 13653 13720 13933 13958 13998 14315 14357 14414 14422 14918 14973 14978 15356 15652 15841 15990 16175 16208 16243 16501 16590 16875 17337 17365 18703 19137 19197 19651 19652 19798 19984 20107 20476 20548 21380 21436 21530 21891 21958 22250 22387 22759 23012 23141 23289 23428 23554 23645 23693 24444 24790 24825 24924 25166 25402 25425 25769 25883 25967 25968 26207 26432 26896 27118 27141 27223 27959 28098 28530 28925 28928 29059 29067 29110 29189 29198 29351 29402 29493 29651 29866 30029 30313 30433 30662 31045 31344 31409 31562 31602 31687 31874 31949 31954 31980 32190 32208 32284 32417 32508 32765 32845 33243 33260 33308 33531 33613 33650 33766 34170 34576 35023 36001 36038 36104 36106 36160 36744 37138 37319 37420 37471 37848 38013 38080 38081 38178 38550 38625 39119 39510 39632 39719 39831 39870 40448 40460 40538 40857 40866 41133 41371 41535 41586 41675 41676 41905 42271 42347 42379 42381 42425 42604 42840 42890 42994 43269 43316 43343 43404 43670 43798 43870 43981 44050 44529 44566 44677 44800 45109 45596 45959 46179 46997 47158 47349 47465 47687 47823 47935 48083 48290 48569 48614 48666 48770 48774 48949 49111 49113 49231 49641 50389 50541 50757 50786 51008 51345 51540 52330 52497 53029 53263 53404 53656 53701 53736 53810 53874 53908 54448 54616 54766 54821 54878 55171 55227 55320 55734 56113 56158 56452 56572 56729 56808 56933 56977 57261 57418 57477 57519 57538 57579 58212 58477 58556 58586 58595 58997 59374 59544 59713 59732 59802 59813 60221 60495 60514 60701 61244 61289 61723 61782 61789 61837 62017 62068 62246 62389 62728 62944 62998 63117 63462 63670 63989 64365 64685 64871 64907 64962 65070 65128 65138 65190 65738 65766 66237 66586 66673 66777 67026 67375 67478 67554 67587 67699 68488 68660 69006 69111 69528 69739 70000 70220 70745 70986 71020 71425 71473 71512 71841 72265 72335 72347 72654 72950 73238 73426 73589 73817 74221 74524 74838 74917 75196 75411 75433 75605 75797 76203 76247 76285 76325 76599 76846 77411 77563 77854 78009 78600 78644 78657 78762 78798 79146 79608 79744 79770 80385 80473 80550 80638 80670 80764 81288 81368 81508 81712 81869 81923 82373 83074 83100 83155 83378 83389 83545 83685 83745 84096 84293 84335 84456 84458 84581 84586 85057 85809 85862 86013 86110 86392 86481 86481 86616 86734 86810 87080 87173 87197 87274 88120 88395 88535 89020 89160 89435 89758 89854 90229 90385 90504 90740 90913 91117 91234 91876 91899 91920 92203 92456 92476 92660 93285 93334 93379 93397 93610 93886 93992 94135 94256 94261 94438 94501 94971 95289 95756 95830 95939 96511 96592 96807 97175 97235 97289 97462 97543 97693 97720 97782 97887 97985 98073 98226 99155 99191 99221 99235 99260 99279 99328 1470565544 10968 49 0 20728736 0 40 263 432 518 672 1005 1163 1567 1694 1873 2384 2493 2809 3157 3559 3586 3615 3632 3990 4078 4150 4262 4295 4423 4443 4924 5004 5406 5454 5581 6081 6430 6674 6885 7238 7482 7527 7738 8012 8027 8029 8343 8407 8419 8547 8611 8720 8944 9104 9172 9268 9550 9650 9807 10169 10418 10608 10621 10836 10936 11107 11132 11564 11648 12315 12387 12445 12688 12724 12817 13216 13405 13742 13816 14077 14103 14219 14567 15391 15505 15980 17063 17078 17240 17555 17663 17778 17804 18237 18252 18358 18442 18535 18636 18644 18657 18734 18957 19133 19134 19400 19563 19592 19603 19745 19762 20615 20691 20719 20831 20942 21022 21039 21041 21042 21545 21569 21647 21698 22105 22235 22425 22697 23039 23135 23177 24064 24155 24252 24340 24449 24692 24984 25263 25377 25535 25874 26496 26554 27221 27562 27617 28016 28021 28044 28055 28078 28138 28140 28345 28447 28905 28974 29240 29260 29434 29908 30015 30051 30133 30489 31401 31655 31901 32061 32062 32070 32236 32253 32511 32721 32739 33249 33262 33721 33964 34025 34382 34494 34514 34869 34888 35035 35053 35436 36070 36356 36530 36632 36788 37049 37121 37244 37525 37634 37920 38281 38581 38692 38711 39072 39141 39183 39229 39439 39480 39615 39624 40292 40459 40514 40520 40575 41302 41555 41666 42047 42457 43119 43518 43832 43858 43914 43996 44006 44158 44661 44701 44702 44957 44962 44968 45179 45424 45625 45808 45812 45853 45949 46021 46120 46703 46779 47133 47333 47516 47575 47916 48226 48330 48353 48426 49561 49572 49589 49776 49968 50431 50496 50559 50950 50983 51392 51543 51596 51751 51934 51966 52336 52551 52671 52854 52974 53588 53659 53824 53877 53992 54021 54055 54240 54334 54348 54362 54551 55006 55101 55249 55280 55569 56400 57144 57159 57360 57888 57900 58090 58216 58291 58314 58499 58539 58613 58703 58706 58774 59151 59230 59550 59648 59670 59802 59832 60468 60576 60595 61323 61378 61816 61855 62047 62383 62411 62610 62798 62929 63935 64006 64057 64215 64289 64344 64403 64410 64444 64505 64566 64574 64608 64615 64911 64933 65168 65618 65682 65851 66182 66444 66501 66640 66659 66756 67740 67773 67776 67837 68037 68729 68832 68887 68911 69314 69435 69561 69638 69940 70091 70138 70187 70299 70306 70347 70500 70856 71146 71325 71438 71551 71915 72013 72084 72167 72300 72363 72402 72731 73822 73837 73892 74492 74669 74681 74686 74814 75084 75585 75590 75729 76101 76590 76602 76726 76764 76775 76933 77030 77442 77593 77690 78083 78083 78203 78289 78322 78455 78486 78751 78813 78832 78858 78893 79015 79561 80246 80314 80367 80560 81258 81381 81564 81603 81701 81963 82069 82310 82653 82779 82838 82857 83431 83657 83724 83846 84085 84367 84746 84958 85162 85214 85222 85412 85478 85505 86325 86945 87211 87307 87794 88166 88255 88281 88366 89116 89164 89231 89325 89415 89514 89881 89886 90118 90154 90165 90208 90587 91116 91139 91388 91433 91454 91493 91605 ]
