
Inactive Modules:
  1) UCX/1.9.0     2) numactl/2.0.13

Due to MODULEPATH changes, the following have been reloaded:
  1) binutils/2.35     2) zlib/1.2.11

The following have been reloaded with a version change:
  1) GCCcore/10.2.0 => GCCcore/8.3.0

random
random
random
random
random
random
random
random
random
random
random
random
random
random
random
random
random
randomrandom

random
random
random
random
random
random
chose random
random
random
random
random
random
random
random
Sorted data: 2 2 7 8 11 11 11 12 13 17 17 19 20 22 24 25 25 27 28 29 34 36 36 38 39 41 43 43 46 50 50 50 51 51 53 56 58 63 67 72 73 75 75 75 75 77 79 81 82 86 90 91 91 92 95 99 100 101 101 103 104 104 105 108 109 111 112 112 113 115 115 117 117 117 119 119 120 121 122 123 126 128 129 133 133 135 140 141 141 142 142 144 144 147 147 149 149 150 150 150 153 153 154 154 155 156 156 158 160 161 162 163 163 164 164 165 166 167 169 172 175 177 178 181 182 182 183 183 183 184 186 186 187 194 196 199 200 202 205 207 209 210 212 212 215 215 221 222 223 223 224 224 225 226 233 236 239 244 244 245 249 249 250 254 260 263 264 267 269 271 273 275 277 277 278 283 284 289 289 291 295 296 298 299 300 301 301 302 302 307 307 314 315 315 317 318 320 324 325 327 330 330 332 332 337 338 338 340 340 342 345 346 348 351 352 353 354 354 354 357 358 358 364 364 365 367 373 373 374 376 378 379 380 381 383 383 384 384 385 385 385 386 387 388 390 396 398 402 403 407 408 410 412 412 413 414 416 416 418 418 419 421 423 424 430 430 431 431 432 432 433 433 434 435 439 439 442 443 444 445 445 448 448 448 450 451 452 454 456 457 459 460 460 461 463 476 476 477 478 483 485 485 486 490 491 493 494 494 495 497 501 502 505 506 508 510 510 512 512 513 513 513 514 514 515 520 522 524 524 524 525 526 527 528 529 536 540 544 546 547 547 548 550 554 556 556 557 559 559 560 563 564 565 567 568 574 576 580 580 582 585 586 586 587 588 590 590 591 591 592 593 594 595 595 595 598 600 601 602 607 607 608 608 608 609 611 611 611 612 612 614 615 615 617 617 618 619 624 627 628 628 632 632 634 639 639 640 641 641 642 643 644 649 650 651 653 656 656 656 659 660 661 662 664 668 670 670 671 675 675 680 680 681 682 684 684 684 687 689 691 693 695 696 697 698 702 706 709 710 710 711 713 713 713 714 717 720 721 722 726 727 730 730 732 732 732 732 735 735 735 735 735 736 742 745 746 748 748 752 752 756 759 759 759 762 764 769 770 773 773 774 775 778 780 780 782 784 785 785 788 791 792 793 795 796 796 798 798 799 800 800 802 802 804 806 808 810 811 816 816 817 817 819 821 822 823 823 824 824 828 829 831 831 831 833 836 838 838 839 839 843 844 844 844 845 850 852 854 854 854 858 860 860 862 864 864 865 866 868 868 868 868 869 872 872 875 875 875 876 877 879 882 885 886 886 887 889 897 902 904 905 905 905 905 912 913 913 914 919 920 923 924 925 927 927 927 928 928 929 929 935 937 941 944 944 945 945 946 946 948 949 951 952 953 954 954 955 956 957 960 967 971 972 972 974 976 978 979 979 981 982 982 984 984 985 986 987 987 989 991 991 991 992 994 1000 1000 1003 1003 1005 1006 1010 1011 1012 1012 1016 1020 1023 1024 1025 1025 1027 1027 1027 1032 1033 1033 1033 1034 1034 1036 1037 1039 1040 1041 1041 1042 1042 1042 1043 1043 1044 1044 1045 1046 1046 1046 1047 1047 1048 1049 1050 1051 1051 1053 1054 1054 1062 1062 1063 1064 1065 1065 1068 1070 1070 1070 1071 1074 1074 1075 1076 1078 1079 1079 1079 1084 1087 1087 1087 1087 1090 1091 1093 1093 1094 1097 1100 1100 1101 1102 1103 1103 1104 1108 1113 1115 1116 1117 1119 1120 1121 1121 1123 1124 1125 1125 1130 1133 1133 1136 1136 1137 1137 1138 1140 1140 1140 1140 1141 1143 1147 1148 1150 1151 1151 1151 1151 1154 1154 1155 1157 1157 1159 1159 1162 1162 1162 1163 1165 1166 1166 1167 1170 1174 1175 1176 1178 1179 1179 1180 1180 1181 1184 1185 1185 1185 1188 1190 1191 1192 1194 1196 1196 1197 1198 1198 1201 1202 1202 1203 1205 1207 1208 1208 1209 1212 1216 1217 1218 1219 1222 1223 1226 1227 1228 1229 1231 1233 1233 1234 1239 1239 1240 1240 1240 1245 1245 1245 1250 1253 1254 1257 1257 1258 1261 1263 1266 1270 1271 1271 1273 1274 1275 1282 1282 1283 1283 1284 1285 1289 1290 1291 1294 1294 1296 1296 1297 1298 1302 1303 1303 1305 1308 1312 1313 1313 1321 1322 1324 1329 1329 1331 1332 1335 1337 1340 1342 1350 1350 1350 1350 1351 1356 1357 1358 1359 1359 1359 1373 1374 1376 1377 1377 1378 1384 1385 1386 1386 1389 1389 1392 1392 1393 1394 1395 1396 1396 1398 1401 1401 1402 1403 1405 1406 1409 1410 1410 1414 1415 1418 1420 1422 1427 1428 1430 1430 1431 1434 1436 1437 1437 1438 1441 1441 1441 1444 1445 1445 1446 1450 1455 1455 1456 1457 1458 1458 1461 1462 1463 1463 1474 1474 1475 1475 1477 1479 1482 1487 1487 1487 1488 1489 1489 1490 1490 1491 1492 1493 1493 1493 1495 1497 1497 1498 1498 1498 1499 1500 1500 1501 1502 1503 1506 1508 1511 1511 1512 1512 1514 1516 
Sorted!
